  4.019581636828867e-06
  2.114469612765083e-06
  4.289993322447851e-06
  4.187991802436283e-06
  4.0143237747033295e-06
  4.275318802113734e-06
  2.2782188221830567e-05
  4.426070440614678e-06
  4.321656672941973e-06
  4.276796280424965e-06
  4.205354413340263e-06
  4.079675899202824e-06
  4.041044468259411e-06
  4.509313959470859e-06
  4.385890276139782e-06
  8.358894269109486e-05
  4.268585498890344e-06
  4.168934532483708e-06
  4.198100472936348e-06
  6.42375849482644e-06
  4.15921256116e-06
  4.204148680615392e-06
  4.11948818922714e-06
  4.01620481857322e-06
  4.221157097068536e-06
  4.214359750720467e-06
  4.401064540017937e-06
  4.163503421025951e-06
  4.0824535021993115e-06
  4.320288833960524e-06
  4.131367259078266e-06
  4.088808302190543e-06
  4.233580680656268e-06
  4.113839407435493e-06
  5.158224881821706e-05
  6.671019257855711e-05
  4.401019612867592e-06
  4.293731321088391e-05
  4.641600677512603e-06
  4.1926360666129965e-06
  6.643364137111675e-06
  4.051886455086399e-06
  4.147376600071533e-06
  4.2838922224134865e-06
  4.795787947555069e-05
  6.059284826177677e-05
  5.100374942107106e-05
  4.75785614339989e-05
  4.012351102303575e-06
