  3.592677836929068e-05
  6.732422460420444e-06
  1.0823887946485155e-05
  7.120288437727778e-06
  7.958596065077378e-06
  6.269260672039285e-06
  7.166717546372073e-06
  9.076239843540459e-06
  9.636127893875228e-06
  9.217053671983946e-06
  1.0497419636543595e-05
  0.00011421879184157377
  1.1509406497368096e-05
  8.053473926462913e-06
  0.00012469253860829493
  8.75456749541746e-06
  9.547649096952603e-06
  1.2950114333747537e-05
  8.835078455294925e-06
  8.954203138112728e-06
  5.546313389053893e-05
  1.0502077797938009e-05
  8.93550305195471e-06
  8.47286428784303e-06
  1.4941455073934539e-05
  1.0345631706006694e-05
  5.722144660556711e-05
  5.668279164544795e-05
  4.047975688066004e-05
  9.359062641396317e-06
  8.99248405950969e-06
  1.1850099413534716e-05
  1.235332579982396e-05
  8.504763679905924e-06
  8.402906702529191e-06
  9.13228633573137e-06
  1.261115831235705e-05
  7.977497681775116e-06
  5.1902892834328035e-05
  1.0104415453163693e-05
  7.908836595136556e-06
  1.3239246394402607e-05
  9.279675494582215e-06
  8.23319972622575e-06
  6.816310077613248e-05
  1.815205103234933e-05
  8.126978864555887e-06
  8.948096972037584e-06
  1.0147258648478425e-05
  1.3324848708670128e-05
