  152094.000000
  265280.000000
  264376.000000
  265109.000000
  262570.000000
  261592.000000
  261399.000000
  262488.000000
  262080.000000
  263107.000000
  265486.000000
  262742.000000
  262411.000000
  265124.000000
  262780.000000
  262649.000000
  264158.000000
  263449.000000
  262636.000000
  263600.000000
  262203.000000
  262619.000000
  260126.000000
  262723.000000
  147955.000000
  262639.000000
  262797.000000
  263015.000000
  262600.000000
  265780.000000
  262214.000000
  263153.000000
  150477.000000
  262640.000000
  262142.000000
  187088.000000
  263128.000000
  149392.000000
  150076.000000
  262149.000000
  233093.000000
  260715.000000
  151227.000000
  150770.000000
  262460.000000
  263125.000000
  151672.000000
  152478.000000
  259979.000000
  263637.000000
