  203658.000000
  204342.000000
  188048.000000
  174502.000000
  205013.000000
  202110.000000
  150632.000000
  205221.000000
  205424.000000
  152871.000000
  208245.000000
  146046.000000
  202897.000000
  201386.000000
  147905.000000
  201201.000000
  201412.000000
  199573.000000
  201035.000000
  201313.000000
  200922.000000
  203662.000000
  202384.000000
  203860.000000
  201984.000000
  201940.000000
  201946.000000
  202865.000000
  203692.000000
  201659.000000
  149905.000000
  203570.000000
  203010.000000
  202612.000000
  149316.000000
  149616.000000
  150193.000000
  202956.000000
  201025.000000
  203110.000000
  200623.000000
  203800.000000
  202495.000000
  203712.000000
  202586.000000
  202415.000000
  202845.000000
  150533.000000
  202898.000000
  204095.000000
