  181319.000000
  158572.000000
  174963.000000
  150953.000000
  181713.000000
  182254.000000
  181765.000000
  180950.000000
  152789.000000
  180937.000000
  147558.000000
  180675.000000
  181174.000000
  180118.000000
  180294.000000
  181084.000000
  180921.000000
  181526.000000
  180854.000000
  180922.000000
  148272.000000
  180717.000000
  181029.000000
  181123.000000
  181219.000000
  180370.000000
  180875.000000
  148599.000000
  181355.000000
  148438.000000
  179488.000000
  181904.000000
  181587.000000
  148249.000000
  181458.000000
  181601.000000
  181563.000000
  150198.000000
  179932.000000
  180350.000000
  180823.000000
  181166.000000
  181445.000000
  180568.000000
  181684.000000
  151178.000000
  181515.000000
  181509.000000
  180768.000000
  181641.000000
