  5.431519564760082e-06
  1.4735627996224664e-05
  1.1327312572707719e-05
  9.499166046034561e-06
  6.237796697499951e-06
  6.212447680273948e-06
  3.749426136082093e-05
  1.2247997598613502e-05
  7.280946473982137e-06
  2.4235637591511574e-05
  1.059971241270232e-05
  0.00015390886062656065
  8.53918109284716e-06
  7.700714779561183e-06
  0.0001121383163525661
  6.936559388630757e-06
  7.89556779739119e-06
  5.2456734030138115e-06
  9.387559174362633e-06
  7.131872733329283e-06
  1.2109358806108701e-05
  8.396141935306416e-06
  7.835211513822072e-06
  7.401748829582337e-06
  1.3258557518673374e-05
  8.9318815155536e-06
  7.805779866671613e-06
  6.473267508328461e-06
  7.070306540095391e-06
  8.184874905416064e-06
  4.662192639527005e-05
  8.82246864661183e-06
  1.3718369958197783e-05
  9.136097481483753e-06
  5.556047033387095e-05
  5.010837911296721e-05
  6.475840778287674e-05
  6.446413533447425e-06
  5.069249018573015e-06
  7.41718231794757e-06
  7.082326931483333e-06
  6.564465361602464e-06
  6.8547957513233975e-06
  1.3862338806674287e-05
  6.2246414294138534e-06
  2.0317478346021988e-05
  6.762905196892671e-06
  4.1292975565636274e-05
  2.0977103166017107e-05
  1.2159534663347904e-05
