  247950.000000
  152603.000000
  247869.000000
  246795.000000
  247233.000000
  150670.000000
  248999.000000
  249403.000000
  249245.000000
  145846.000000
  247850.000000
  206307.000000
  248115.000000
  248586.000000
  247781.000000
  248283.000000
  248621.000000
  247502.000000
  247057.000000
  182558.000000
  248728.000000
  247547.000000
  148345.000000
  248655.000000
  247295.000000
  248341.000000
  248479.000000
  247206.000000
  148503.000000
  247687.000000
  248734.000000
  247720.000000
  246782.000000
  248314.000000
  247987.000000
  150137.000000
  246566.000000
  150220.000000
  248574.000000
  246586.000000
  247641.000000
  248677.000000
  150943.000000
  246700.000000
  247824.000000
  247343.000000
  248143.000000
  248938.000000
  152658.000000
  248711.000000
