  227974.000000
  222683.000000
  221732.000000
  224682.000000
  222394.000000
  224706.000000
  221322.000000
  222216.000000
  223102.000000
  223953.000000
  227222.000000
  223151.000000
  223758.000000
  223266.000000
  147945.000000
  223471.000000
  226319.000000
  222671.000000
  224002.000000
  221898.000000
  220689.000000
  226121.000000
  147790.000000
  221336.000000
  222527.000000
  213792.000000
  222367.000000
  220293.000000
  227307.000000
  223388.000000
  223570.000000
  223574.000000
  224207.000000
  224275.000000
  222748.000000
  223289.000000
  223272.000000
  148914.000000
  148939.000000
  225326.000000
  222780.000000
  149238.000000
  161850.000000
  149660.000000
  222849.000000
  148519.000000
  222490.000000
  224228.000000
  151844.000000
  150898.000000
