  4.419151914496896e-06
  4.4354539991939195e-06
  4.307146939388525e-06
  4.611156815497667e-06
  4.251386809721877e-06
  4.165323241434863e-06
  4.448015498339607e-06
  4.345618490014212e-06
  4.331768505192184e-06
  4.607326292064511e-06
  4.380371777979985e-06
  4.4639241694475346e-06
  4.396903450709412e-06
  4.290203858290974e-06
  6.552806290994163e-05
  4.587202509540058e-06
  4.3165437870912515e-06
  4.3086568104033086e-06
  4.394221172146151e-06
  4.36586845275102e-06
  4.749150713227174e-06
  4.527140424965095e-06
  6.019520069868043e-05
  4.23357978119057e-06
  4.257301787435583e-06
  4.828169596269334e-06
  4.338574623836374e-06
  4.437323911125788e-06
  4.285800149834241e-06
  4.372060493382032e-06
  4.190213609090207e-06
  4.37866869910805e-06
  4.4081744251690494e-06
  4.22824904345759e-06
  4.03627073839982e-06
  4.185318544709244e-06
  4.282013221786249e-06
  5.0942264019903116e-05
  5.8581459279454935e-05
  4.233726764253046e-06
  4.635792311940381e-06
  4.529330524932318e-05
  2.8710029168554143e-05
  5.393726190398362e-05
  4.245729710052736e-06
  6.25768545339562e-05
  4.334901680524402e-06
  4.209456848721016e-06
  3.4547470296207034e-05
  3.0175529351266042e-05
