  186567.000000
  188108.000000
  187173.000000
  188972.000000
  185114.000000
  188564.000000
  188807.000000
  186543.000000
  186507.000000
  186815.000000
  176989.000000
  147456.000000
  186935.000000
  184464.000000
  186315.000000
  187243.000000
  187847.000000
  188505.000000
  187220.000000
  185819.000000
  189861.000000
  187235.000000
  186154.000000
  188572.000000
  188550.000000
  188337.000000
  187668.000000
  184956.000000
  160139.000000
  187474.000000
  186692.000000
  149606.000000
  187212.000000
  187083.000000
  187619.000000
  148793.000000
  149338.000000
  188661.000000
  149976.000000
  187234.000000
  187151.000000
  150257.000000
  187854.000000
  188659.000000
  151378.000000
  186443.000000
  151796.000000
  186381.000000
  186907.000000
  151267.000000
