  6.655331668976201e-06
  6.152417540822155e-06
  4.6501117841248045e-06
  4.9178033771424434e-06
  4.366909460753555e-06
  6.6136968685183045e-06
  3.101057310262954e-05
  1.3300825420083432e-05
  6.9040401194144115e-06
  5.593138442679437e-06
  2.8826955715606723e-05
  5.794760952658309e-06
  8.889831734606571e-06
  4.952988560129611e-06
  4.8621025872584405e-06
  4.660190948614734e-06
  8.056099251408642e-05
  8.044412801223827e-06
  5.532055765124045e-06
  1.2022960691516098e-05
  9.25245192645755e-06
  4.310169680389429e-06
  1.1317151851018215e-05
  9.369148125619524e-06
  5.715899747279653e-06
  4.604538158683349e-06
  4.514245874779131e-06
  5.3052059820259196e-06
  4.947213226831464e-06
  4.903347972523312e-06
  4.267971078262309e-06
  5.581661324026323e-05
  7.658697805790894e-05
  5.396458345715358e-05
  4.681055189461654e-06
  4.5336606905115255e-06
  5.064401526742542e-06
  9.937708048777808e-06
  6.282676312866263e-06
  4.815773720126671e-06
  5.060646576988284e-06
  4.708947323082057e-06
  4.6220808136175894e-06
  4.44695757756911e-06
  4.007691146731748e-05
  4.081151928549698e-05
  1.4131974520287425e-05
  1.0571813272852792e-05
  4.509501013101275e-06
  3.0384561875571246e-05
