  2.8385789139670907e-05
  3.8394178273056565e-06
  3.43491124612487e-06
  3.4086597977396053e-06
  3.7522812846289477e-06
  3.7021187350244437e-06
  3.557431994465575e-06
  3.6704244486798687e-06
  3.779275455788093e-06
  3.4337890211466565e-06
  3.6537043010965153e-06
  3.7176382318153608e-06
  3.690470580831401e-06
  3.6254296579915283e-06
  3.662934189074217e-06
  4.361757358557265e-06
  4.14889271709541e-06
  3.908118786619421e-06
  3.823360550688486e-06
  3.883268463088375e-06
  3.864287512584517e-06
  4.179601974287814e-06
  3.888099556220849e-06
  3.925771791533081e-06
  0.00012050001723837224
  3.79555611643984e-06
  3.973591824538479e-06
  3.671794301048521e-06
  4.213102205565993e-06
  3.978666526906462e-06
  3.772630405335914e-06
  4.210349809926841e-06
  6.267407806191474e-05
  3.8063024089183948e-06
  3.972458036505101e-06
  8.306855064462364e-06
  3.710993319391265e-06
  8.064325484778973e-05
  3.954741759903458e-05
  3.771353136365419e-06
  4.7386931446798e-06
  3.691582577467764e-06
  5.016556685455314e-05
  4.332438626663495e-05
  3.6901814828967138e-06
  3.7431189392602153e-06
  4.394131695758182e-05
  4.7407632813566246e-05
  3.4805417562796524e-06
  3.780730931982904e-06
