  344131.000000
  344502.000000
  344505.000000
  343178.000000
  341991.000000
  346206.000000
  154059.000000
  345069.000000
  345267.000000
  342658.000000
  344664.000000
  342666.000000
  343062.000000
  345168.000000
  344085.000000
  147834.000000
  345322.000000
  345415.000000
  345028.000000
  251728.000000
  343735.000000
  346475.000000
  346971.000000
  343436.000000
  345213.000000
  345354.000000
  345279.000000
  345833.000000
  343283.000000
  348122.000000
  344611.000000
  347034.000000
  345330.000000
  345610.000000
  150501.000000
  150418.000000
  344898.000000
  150189.000000
  344127.000000
  343985.000000
  260379.000000
  346553.000000
  346336.000000
  345274.000000
  149900.000000
  149982.000000
  150762.000000
  151496.000000
  341490.000000
