  258869.000000
  257211.000000
  221217.000000
  257791.000000
  257677.000000
  259972.000000
  258948.000000
  258189.000000
  214535.000000
  255197.000000
  254627.000000
  147580.000000
  256406.000000
  254654.000000
  255433.000000
  256266.000000
  254687.000000
  257356.000000
  257813.000000
  256944.000000
  149197.000000
  148736.000000
  256099.000000
  258061.000000
  256714.000000
  256736.000000
  257447.000000
  150379.000000
  150671.000000
  258709.000000
  256758.000000
  256690.000000
  256360.000000
  256357.000000
  259338.000000
  258763.000000
  257654.000000
  258372.000000
  150747.000000
  150527.000000
  257789.000000
  256366.000000
  150226.000000
  258086.000000
  257056.000000
  257761.000000
  152194.000000
  258752.000000
  257321.000000
  258879.000000
