  59299508349
  5714821278
  54601998765
  67047613207
  56721631403
  4252022135
  61199203261
  31364330711
  56088836611
  964012884
  49728024785
  23820398730
  57108767193
  56385157876
  58971343652
  52206882127
  33774331558
  58610216108
  51697996088
  26302228394
  13892715690
  54298355530
  2415930951
  62640302363
  39958337545
  56975310504
  41735107051
  43904505711
  2698034233
  35743477880
  51636583813
  49808607330
  44133885571
  42843535511
  55033422005
  3389366682
  55140845299
  2719948120
  15101585908
  22528516219
  28065958480
  42925056956
  3577886928
  36256630630
  54822346465
  18105754538
  50638947822
  15415138116
  3807254208
  54334908510
