  14798649268
  15814977441
  5331595961
  10352605404
  17075495601
  19079752664
  14326641285
  5058099995
  14008781659
  15883755119
  1982200584
  14498890898
  13707728715
  15080417950
  10490656739
  12676020460
  9363115026
  15885722350
  16751587166
  13813379975
  14454003233
  3055281731
  1836050446
  8388890901
  12778121217
  14412688603
  2991269312
  10258767920
  2698676359
  15253143352
  2454042499
  16716095276
  3983810526
  13149173587
  15428225293
  2829066577
  15907567001
  14343615632
  15333126347
  16657679028
  13463929851
  8477554422
  15778719512
  17117678789
  14716325556
  20217642692
  9888851169
  10608441348
  17683627823
  16857038515
