  28997878248
  27194950979
  29456866469
  29288191504
  25595623453
  27042029099
  27482892233
  26198694842
  27214437582
  26133175928
  17992622855
  1699680929
  26315549288
  25280756437
  24935728102
  22655847908
  27474402728
  28041472299
  23826499765
  25354823871
  28716021374
  25761474727
  28193055616
  27796056397
  28012174796
  28142507091
  29469886271
  28439593068
  9050694344
  30411589454
  28354223303
  3381020109
  27566219268
  27974147722
  29359333859
  2636843561
  2757692071
  28344230530
  2924479100
  30724465308
  26297682774
  2571256493
  28593345717
  30031888136
  3493286151
  27120803664
  3743324911
  25832142033
  29656467965
  4824126986
