  11590046527
  13842388434
  16342928242
  5409552743
  13847401728
  15030674252
  17407119312
  15968111584
  13477377123
  11760939033
  10408627738
  12248710489
  10575637395
  10640830883
  8915641231
  9040808436
  1528918148
  11940998055
  11453543001
  7843980667
  15238028008
  13081088857
  10712422966
  13364020477
  10635838195
  2686188451
  3029335219
  9576285505
  2680551532
  11241091584
  3309246213
  9033453267
  3562305672
  3134972277
  11564389714
  12546981961
  13282405634
  13663062466
  13511916765
  8895175034
  13574068453
  3529352350
  2326300036
  10903774229
  10335979518
  9974010049
  14277285001
  9998908958
  8125548298
  12261783393
