  4946699742
  34836710994
  31515714674
  37637268457
  35938170020
  37659903375
  4467930625
  34842718444
  31913949743
  35176362619
  33161408527
  32027691445
  31816792935
  32428710250
  33005062076
  34089152900
  33908546906
  34252155744
  34662435530
  33664539189
  37415394030
  1257193470
  29731837264
  35472701173
  36185575319
  34937966860
  33047670960
  31735332462
  33281628984
  32980479283
  4706708661
  3574765769
  33655291458
  33825840577
  35203650864
  33302624004
  36813078376
  34744487501
  32271913272
  2873148248
  38187720491
  36418368426
  3090951872
  3962491625
  35654949849
  36506806571
  37504143485
  2744418924
  34571195781
  3203436435
