  4227709995
  27469310057
  16661111136
  25926758672
  23099928492
  29339504229
  25736328913
  17846597577
  19016767110
  19697075276
  17286914907
  1295119635
  15694119418
  22616451194
  1176710344
  20638369639
  19062703096
  13956324658
  20792231889
  20334361103
  2683800744
  17423980618
  20229303146
  21527548867
  12192788393
  17824141168
  2601856626
  2625364695
  3715634964
  19536037636
  20480992658
  15426115311
  14734007906
  21531344890
  21655601620
  20017769185
  14526976465
  22984149581
  2900069568
  18079323920
  23159537790
  13865064108
  19581072647
  22182384258
  2202672682
  10086849121
  22446225472
  20543474280
  18266411296
  13826723592
