  28370068641
  8012309125
  29609142154
  4094628479
  24663225412
  20200838198
  23557890739
  24081811013
  6408087559
  20386174776
  1261225387
  22099988104
  12399409846
  17177030212
  16907677845
  27799711742
  24706899958
  21783938098
  15643289092
  11267816728
  1985580494
  15105676477
  23084477034
  7393941597
  21681866790
  19588860984
  18964260010
  1900258540
  7706954984
  2571054764
  20371007657
  7029637460
  13630219479
  2641877800
  25288285666
  23059616064
  14899669143
  3387934206
  26832957928
  24273161137
  13340917914
  20321301594
  10934653341
  12081784875
  15675197433
  3600465537
  11575477400
  26024984029
  14262965818
  26478256618
