  151612.000000
  196026.000000
  196656.000000
  195487.000000
  195653.000000
  196576.000000
  151586.000000
  195846.000000
  196365.000000
  195973.000000
  194469.000000
  197972.000000
  197458.000000
  196459.000000
  195590.000000
  196710.000000
  196479.000000
  194801.000000
  196448.000000
  195194.000000
  196066.000000
  147393.000000
  196282.000000
  195427.000000
  195440.000000
  195397.000000
  196682.000000
  196735.000000
  197560.000000
  196026.000000
  152507.000000
  149803.000000
  195360.000000
  197524.000000
  196097.000000
  195652.000000
  194312.000000
  196747.000000
  196718.000000
  149508.000000
  197046.000000
  196325.000000
  150854.000000
  150683.000000
  197115.000000
  196295.000000
  197902.000000
  151225.000000
  196079.000000
  151036.000000
