  4.181316285806631e-06
  2.6703022295284456e-05
  4.53955909318991e-06
  3.680891655875287e-06
  4.358707496324301e-06
  3.5434904903193786e-05
  4.068664079466504e-06
  7.951803668252043e-06
  4.443754141820063e-06
  0.00015129050910070617
  4.984111093726e-06
  8.660938145429608e-06
  4.34460437854474e-06
  4.408713380685755e-06
  4.201718744314155e-06
  4.755752304763565e-06
  7.361241171362578e-06
  4.222847422093317e-06
  4.778850607274238e-06
  6.940780730261041e-06
  1.7903483059041858e-05
  4.559014680715875e-06
  6.140283104473543e-05
  3.969568961513731e-06
  6.188821036948873e-06
  4.358747636532231e-06
  5.953716608330738e-06
  5.630538278399615e-06
  5.5041184497824716e-05
  6.929571902083749e-06
  4.817011150481625e-06
  4.973437589988525e-06
  5.591667191935585e-06
  5.79583353797321e-06
  4.506116301062823e-06
  4.429647603410294e-05
  4.471567286700111e-06
  5.5228994588323254e-05
  1.6460125546702945e-05
  1.0945505580702e-05
  8.823536177339917e-06
  5.793282936232431e-06
  4.218775021053432e-05
  6.804272645121961e-06
  4.520492390055162e-06
  1.3661015865474228e-05
  4.9002400459078e-06
  1.6148930883831466e-05
  4.00966133753893e-05
  4.577370365024656e-06
