  208822.000000
  210935.000000
  210869.000000
  209801.000000
  211473.000000
  209747.000000
  154318.000000
  212375.000000
  155232.000000
  209890.000000
  210021.000000
  209852.000000
  210135.000000
  209046.000000
  210584.000000
  209993.000000
  158810.000000
  210283.000000
  148011.000000
  210310.000000
  210231.000000
  209862.000000
  149145.000000
  195456.000000
  209986.000000
  209862.000000
  210841.000000
  209984.000000
  150262.000000
  150426.000000
  209787.000000
  210406.000000
  209709.000000
  210795.000000
  207269.000000
  149388.000000
  210206.000000
  150962.000000
  210773.000000
  210375.000000
  210026.000000
  210173.000000
  210554.000000
  210820.000000
  210003.000000
  210858.000000
  210615.000000
  209233.000000
  151808.000000
  210011.000000
