  6.391207659538775e-06
  1.9791048688476557e-05
  5.90908710188227e-06
  3.6866104159190065e-05
  7.367771123382214e-06
  9.022100875895545e-06
  7.715673784796393e-06
  7.513969771721836e-06
  2.384315111072595e-05
  8.875475756884582e-06
  0.00011699574201482514
  8.175343767144319e-06
  1.4611501857763498e-05
  1.0485980275808576e-05
  1.0663439512677798e-05
  6.513880492020247e-06
  7.322691244452078e-06
  8.333020374156592e-06
  1.1561123682901762e-05
  1.605652668723456e-05
  7.467438386307999e-05
  1.196351585280943e-05
  7.842023006775125e-06
  2.4496136143878713e-05
  8.35809027678285e-06
  9.207783961881425e-06
  9.537677710842566e-06
  7.819935912510094e-05
  2.35313428424717e-05
  5.773428169575932e-05
  8.810953440406926e-06
  2.5876725654070928e-05
  1.3322382686483518e-05
  5.611501031576858e-05
  7.175575378918214e-06
  7.87528289699108e-06
  1.218570682727542e-05
  4.433321040709726e-05
  6.705634186242369e-06
  7.430017004463806e-06
  1.3554014886055463e-05
  8.915078552521974e-06
  1.659357588590974e-05
  1.4945473857396421e-05
  1.1590539817859786e-05
  4.1988459116307884e-05
  1.568099472078793e-05
  6.9744135019542e-06
  1.2673941893057686e-05
  6.860006027606814e-06
