  8.280993598328661e-06
  7.12667256095966e-06
  4.7255171532653125e-06
  4.115836205852207e-05
  5.482615030917568e-06
  1.0395239587167947e-05
  5.751768034348874e-06
  5.137635171734678e-06
  1.7556867653692067e-05
  8.042181569268369e-06
  6.322044900800647e-06
  6.7713182423890284e-06
  8.261569098781945e-05
  1.0006867170259708e-05
  8.013058230397627e-06
  7.324941740634676e-06
  5.56847922612306e-06
  7.691690939868992e-05
  9.003878048999235e-06
  1.7671678332350997e-05
  1.772686249056729e-05
  1.0764745936509515e-05
  4.8386234515870875e-05
  7.723838918305741e-06
  6.5886113576733365e-06
  6.381316413403633e-06
  6.660224520927127e-06
  6.139615652284905e-05
  6.5998549183162705e-06
  7.597887322412574e-06
  7.774997287702699e-06
  5.802355916320001e-05
  8.613543659178244e-06
  1.4863692457813445e-05
  9.279564039350018e-06
  7.756547577119764e-06
  6.657280352234275e-06
  7.1103428799601395e-06
  7.4278892522147364e-06
  1.0772735605821893e-05
  6.541209004818083e-06
  4.56002389432594e-05
  1.59859955504209e-05
  6.875431240176525e-06
  9.85907306220202e-06
  8.707364084657843e-06
  4.009361161432479e-05
  6.79900849644207e-06
  6.163409395951153e-06
  4.499331562329245e-05
