  4.673688996715524e-06
  6.3077559758335194e-06
  4.598699500011505e-06
  4.626438642377845e-06
  4.6805722239040335e-06
  4.324719478230952e-06
  2.287417609096282e-05
  6.274448396671587e-06
  2.1788710758598877e-05
  8.293967936373499e-06
  4.923622263396801e-06
  5.10680424164616e-06
  5.039290291227729e-06
  9.561870504782953e-06
  5.199208348949147e-06
  6.126590345239591e-06
  7.5200636997098356e-06
  9.170455488477619e-06
  7.092014800293301e-05
  6.861597650884505e-06
  6.27599788317757e-06
  1.5692199358736826e-05
  4.878246799999133e-05
  8.276799007056829e-06
  4.406225952828448e-06
  8.03970122196056e-06
  6.165216254942751e-06
  5.959833235825918e-06
  4.584439022778278e-05
  5.418184997187225e-05
  9.855549510393312e-06
  6.787632316559092e-06
  6.521074530368934e-06
  7.638437482591048e-06
  5.338326148290063e-06
  5.3967376079568475e-05
  6.44790582654274e-06
  5.1956153426989824e-05
  4.814566173712891e-06
  4.75466943837537e-06
  5.132567013307165e-06
  5.427470903337926e-06
  1.0462507651855326e-05
  4.945895429494338e-06
  4.892131479786779e-06
  4.747425782921343e-06
  1.154357541136474e-05
  6.989758554173306e-06
  4.6546777878270353e-05
  8.452169108047687e-06
