  172235.000000
  172919.000000
  152189.000000
  171671.000000
  173605.000000
  171790.000000
  172091.000000
  152178.000000
  173125.000000
  173313.000000
  149435.000000
  169310.000000
  168649.000000
  169893.000000
  170149.000000
  169435.000000
  170170.000000
  170003.000000
  168733.000000
  170382.000000
  170586.000000
  149367.000000
  148359.000000
  170357.000000
  169336.000000
  170259.000000
  148814.000000
  170450.000000
  149888.000000
  170309.000000
  149814.000000
  170307.000000
  150209.000000
  171019.000000
  171167.000000
  149689.000000
  170827.000000
  170384.000000
  170612.000000
  170849.000000
  170863.000000
  171491.000000
  171254.000000
  170335.000000
  170624.000000
  170992.000000
  170599.000000
  171143.000000
  170762.000000
  172517.000000
