  168923.000000
  168645.000000
  168787.000000
  152358.000000
  164199.000000
  168665.000000
  168421.000000
  169090.000000
  166547.000000
  167234.000000
  166949.000000
  166519.000000
  166269.000000
  167215.000000
  166869.000000
  167343.000000
  149806.000000
  167166.000000
  167649.000000
  167418.000000
  167223.000000
  167407.000000
  167166.000000
  167210.000000
  167955.000000
  149493.000000
  149150.000000
  167934.000000
  149784.000000
  168265.000000
  149629.000000
  167680.000000
  152559.000000
  148853.000000
  167881.000000
  168322.000000
  167457.000000
  168268.000000
  167793.000000
  168471.000000
  168212.000000
  151342.000000
  150162.000000
  168343.000000
  168601.000000
  168698.000000
  168386.000000
  168508.000000
  168164.000000
  168945.000000
