  1.4574833639060853e-05
  1.2183229852571553e-05
  1.0327830943186245e-05
  2.8164620484965664e-05
  1.1857747989500662e-05
  1.1221386158212911e-05
  9.675409065754785e-06
  1.0589229609932565e-05
  1.2357523164932215e-05
  1.4219442812411354e-05
  1.6039482264362254e-05
  1.3594818830075461e-05
  1.5721889262070336e-05
  1.571446833791391e-05
  1.871643280348592e-05
  1.850973850232789e-05
  9.798170045660286e-05
  1.399933231962996e-05
  1.4637304804754537e-05
  2.134349982583913e-05
  1.0974057792268628e-05
  1.2797634954556291e-05
  1.560487300870827e-05
  1.2511953291883601e-05
  1.5791421129268127e-05
  5.5652461741598036e-05
  4.9235224634279736e-05
  1.7536444575750982e-05
  5.58780527857429e-05
  1.4968742024973792e-05
  4.5215432871751695e-05
  1.856211517831722e-05
  4.282591502439715e-05
  4.7481440614985065e-05
  1.4517065245281478e-05
  1.3415337690226874e-05
  1.2607430055542603e-05
  1.2315540561914898e-05
  1.2418149320948693e-05
  1.8939593583718568e-05
  1.239215792836403e-05
  4.288095519847997e-05
  6.454971313941037e-05
  1.543896603730752e-05
  1.6312048578113292e-05
  1.691375877618188e-05
  1.1793979036504911e-05
  1.685263869366256e-05
  2.069571108713875e-05
  1.3778175211971794e-05
