  311572.000000
  312448.000000
  312886.000000
  311528.000000
  313725.000000
  309833.000000
  152226.000000
  313190.000000
  312813.000000
  312407.000000
  152027.000000
  310027.000000
  311081.000000
  310227.000000
  311507.000000
  311693.000000
  147871.000000
  309644.000000
  311950.000000
  231801.000000
  311915.000000
  237150.000000
  310763.000000
  311687.000000
  312112.000000
  310465.000000
  311423.000000
  311745.000000
  310807.000000
  310807.000000
  312705.000000
  149777.000000
  148952.000000
  149250.000000
  312272.000000
  312114.000000
  311519.000000
  312694.000000
  312726.000000
  311567.000000
  311928.000000
  311997.000000
  311585.000000
  311526.000000
  150244.000000
  150809.000000
  312410.000000
  310957.000000
  312540.000000
  152057.000000
