  151888.000000
  184935.000000
  180338.000000
  184606.000000
  183843.000000
  183937.000000
  184445.000000
  161980.000000
  183248.000000
  181549.000000
  181468.000000
  147927.000000
  180630.000000
  182141.000000
  146727.000000
  180680.000000
  182004.000000
  180736.000000
  183701.000000
  182078.000000
  148852.000000
  182988.000000
  180759.000000
  182400.000000
  182178.000000
  184402.000000
  148882.000000
  148813.000000
  150408.000000
  182839.000000
  184175.000000
  182801.000000
  182014.000000
  183119.000000
  181970.000000
  182808.000000
  183202.000000
  183356.000000
  150522.000000
  182681.000000
  183165.000000
  183563.000000
  181706.000000
  182632.000000
  150141.000000
  183097.000000
  182420.000000
  183825.000000
  185354.000000
  184239.000000
