  188736.000000
  188455.000000
  188020.000000
  151845.000000
  188100.000000
  188920.000000
  187554.000000
  187586.000000
  157147.000000
  186752.000000
  186485.000000
  187645.000000
  147842.000000
  187322.000000
  186394.000000
  186905.000000
  186948.000000
  149616.000000
  187824.000000
  187625.000000
  187208.000000
  187440.000000
  149485.000000
  187989.000000
  187163.000000
  187881.000000
  186740.000000
  149083.000000
  187474.000000
  187607.000000
  187432.000000
  149363.000000
  187570.000000
  187039.000000
  187758.000000
  187538.000000
  187277.000000
  186911.000000
  187365.000000
  188265.000000
  188370.000000
  151035.000000
  187783.000000
  187644.000000
  187970.000000
  187678.000000
  150075.000000
  187506.000000
  187460.000000
  151421.000000
