  3.064912121363197e-05
  5.626995040770696e-06
  6.239934649561931e-06
  5.193974164818599e-06
  5.444155890272568e-06
  5.219769101438912e-06
  3.3927563501503565e-05
  5.620858783299819e-06
  6.152951971827638e-06
  5.571155895867074e-06
  5.864316645104609e-06
  6.1812759855005525e-06
  6.2060937569476626e-06
  6.058181114372256e-06
  5.9260606615318395e-06
  5.770457264721295e-06
  5.794379822428596e-06
  5.6872624735196e-06
  5.6674609558228005e-06
  5.79820798687125e-06
  5.240249503794949e-06
  0.00011723971172074256
  6.601744730981116e-06
  5.509222403078483e-06
  5.401047192895676e-06
  5.592683763854254e-06
  5.951463273707201e-06
  6.199241814642125e-06
  5.93600752219719e-06
  5.943697734588195e-06
  3.240204800940408e-05
  4.190568268810118e-05
  5.804733566006962e-06
  5.839440990397949e-06
  5.570359754946125e-06
  5.874972493954233e-06
  5.278341518069845e-06
  5.662682461335408e-06
  6.095641071602592e-06
  5.2036298546054e-05
  5.159930927179573e-06
  5.390823600429024e-06
  4.8805030374798405e-05
  3.802733589373833e-05
  5.528404915300376e-06
  5.376942505727996e-06
  5.276803617156383e-06
  5.510273911811869e-05
  5.671744802873239e-06
  4.714811829877935e-05
