  6.433815550379712e-06
  6.917019271160202e-06
  6.354138183604094e-06
  6.4521566643741516e-06
  7.23225204261642e-06
  6.972997451843323e-06
  6.869982911525249e-06
  7.120316531987949e-06
  6.853237346464888e-06
  7.148576220306995e-06
  9.836753731033506e-06
  8.675510649328466e-05
  7.10359483490786e-06
  7.2966171111092694e-06
  7.471809094078804e-06
  8.264665297911127e-06
  6.83716409997002e-06
  6.722364574513527e-06
  7.857637581958947e-06
  7.328743474827824e-06
  6.6116749784809515e-06
  7.268023355967404e-06
  6.602831652428433e-06
  6.784127838377547e-06
  6.7310018366344056e-06
  6.692260905931524e-06
  6.368127731279224e-06
  6.503468581908473e-06
  1.7693559622435084e-05
  6.164557767806568e-06
  6.584274871681891e-06
  4.4248775569764e-05
  6.791355687187883e-06
  6.6877104482032305e-06
  6.390437906427024e-06
  5.6428451881146694e-05
  5.4153254299290475e-05
  6.656063561165229e-06
  5.1282978907252236e-05
  6.093970981205268e-06
  7.116634633110431e-06
  5.8437188358711125e-05
  6.569850267235868e-06
  6.281956004419502e-06
  4.333398223236479e-05
  6.874538170396601e-06
  4.055111528094656e-05
  7.2150811094915135e-06
  6.302402572706368e-06
  3.135634705284269e-05
