  1.163856220124319e-05
  1.0933875855662689e-05
  2.8544736156536374e-05
  1.6582395764226697e-05
  1.0166908419913334e-05
  9.00378548009882e-06
  1.2011957064924866e-05
  3.008600070192958e-05
  1.2358319532289599e-05
  1.0911336689690248e-05
  7.538843505859849e-05
  1.1677444929484564e-05
  1.2303205257881412e-05
  1.1265801820830834e-05
  1.6219098978565864e-05
  1.3366576721350606e-05
  1.8174507044660116e-05
  1.0701622265228626e-05
  1.007265749376097e-05
  1.233456259860831e-05
  1.1801989888208572e-05
  4.888812657911972e-05
  8.080333540029542e-05
  2.0307452082812585e-05
  1.3252026422688459e-05
  1.1813132489698042e-05
  4.9749448972383266e-05
  1.6615055660602174e-05
  5.554130249821483e-05
  1.1165501829343851e-05
  6.10478425133419e-05
  1.0188204672685546e-05
  3.7704855444222e-05
  1.3006064515649778e-05
  1.1094406307228404e-05
  5.291109131787675e-05
  1.0738725789384465e-05
  1.1878734370145871e-05
  1.1127019770066727e-05
  1.0256470887259793e-05
  1.2690425595711907e-05
  2.0228829148529648e-05
  1.085347894483822e-05
  9.950823479025618e-06
  1.1594198521276584e-05
  8.457563653929868e-06
  1.725165007385298e-05
  1.6132718689373293e-05
  9.65650271025838e-06
  1.0234122669084973e-05
