  7.762666230147991e-06
  1.0313977815855344e-05
  1.5078676661424047e-05
  7.252956451616283e-06
  7.1325430048043845e-06
  6.999963031906342e-06
  6.246095830099622e-06
  6.5362580924227385e-06
  5.053508063539635e-06
  9.72475406109288e-06
  8.03746997003806e-06
  0.00011938878765353933
  9.665020286691787e-06
  7.64577840139512e-06
  7.440515469152313e-06
  1.3531779876192377e-05
  8.719194189195298e-06
  9.901551783037009e-06
  8.287274505249815e-06
  2.279174930319385e-05
  5.55357192312658e-05
  6.429034921486703e-05
  9.150537718041723e-06
  1.0752311094107565e-05
  9.463663749821769e-06
  1.2815203902323391e-05
  1.22665556631248e-05
  4.6180485469885234e-05
  5.616866408210911e-05
  9.987907925036032e-06
  6.439005036158456e-06
  7.245806867775461e-06
  1.0403302162573281e-05
  6.8093513015406245e-06
  7.972775093509242e-06
  5.373596113047314e-06
  6.882177105017416e-06
  1.1662822473816737e-05
  4.2628859818520946e-05
  6.366915823800114e-05
  1.4636736124545666e-05
  1.8910889166247352e-05
  3.722179941152178e-05
  6.561414382281479e-06
  1.515565509212896e-05
  7.600830581066208e-06
  4.653216358798439e-05
  6.962840979691862e-06
  7.725325617831118e-06
  1.0192649500432891e-05
