  5358103636
  69093808471
  76967345313
  77775142059
  69976097228
  70660078383
  73479689958
  71514344913
  69346625581
  76622937047
  72662147268
  70674439958
  71105024211
  73128987461
  71740300654
  60216325304
  63669518113
  67410694092
  68692449095
  67880962263
  67852870457
  62833495059
  66903122268
  66922636860
  1227842148
  69196447620
  66135881994
  71631191302
  62329368524
  66801275805
  69504290595
  62501457570
  2400944771
  69001348759
  65989872666
  22522121615
  70905005036
  1852504593
  3794836910
  69510594877
  49189300274
  70624182049
  3014557783
  3480026216
  71123873234
  70295655647
  3451694453
  3216317520
  74694980898
  69731754188
