  85613636217
  162925963996
  80304320801
  81943331360
  85192679812
  80977820842
  6762256483
  77962835122
  79892278848
  80120252996
  81958371667
  83993436848
  84894388739
  76545568373
  78452715033
  1768583203
  80898461584
  82854503305
  82186694250
  39187027377
  82644249349
  82412641969
  84226725278
  85512571075
  81781604442
  81946967138
  78453518884
  83062979666
  84087424343
  80578408847
  83413305666
  84874118411
  81569249779
  84011543906
  2917689776
  2254797868
  78367748917
  3497866745
  74139725476
  82045041481
  39193847368
  85528803396
  83507246483
  80598199505
  3125659467
  2475242612
  2955900335
  3184123173
  85109700346
