  33347949316
  24938099014
  14670849768
  35542885404
  36126946564
  37139053280
  41457577188
  39501041169
  42452687777
  26242000404
  31679993947
  1236129480
  26529276959
  33306484524
  34330013970
  18938085185
  29209924045
  25991481501
  31109504076
  11273553275
  2686505227
  2313504310
  27987317018
  24000514656
  27126280771
  20033703869
  20987717096
  3256332160
  2682474338
  25902221160
  39875415310
  35426006335
  24642175724
  37647785912
  32527946287
  48154530887
  37437862477
  22153471047
  3536266291
  2364205907
  17612464815
  13556528080
  4035968233
  39333897383
  16961061626
  33912214889
  3270726918
  37161842523
  33308757809
  25398597292
