  37495584352
  13867206749
  16601289917
  18370244204
  32866252291
  32533070764
  4017468128
  16755473566
  28213914322
  6307694585
  19646287738
  948912229
  23760709346
  26151598360
  1318951495
  29005878668
  25509501681
  38045258381
  21415044770
  28227228321
  16592290576
  24256617095
  25830062104
  27542139661
  15234236433
  22608898209
  25871341935
  31338887160
  28809500528
  24638006363
  3215332604
  23074040629
  14798405395
  22177083860
  2687450252
  2985847929
  2319281853
  31483552668
  39655775296
  27383714097
  28327271805
  31045940343
  29540632186
  14695355729
  32545810437
  9962604441
  29993766598
  3645486864
  9672355539
  16784770606
