  44680337127
  33440577094
  45854050694
  45348272444
  45181014176
  48499561892
  6746385067
  33847596884
  7124423364
  25306343310
  42655790547
  41092626635
  41699324281
  21862458804
  40503089291
  34275671812
  21118172178
  22930485870
  2087009181
  30650296141
  33497621241
  13373651150
  3057348390
  23614926475
  47656657250
  26103208839
  34198475979
  35233200610
  3277652931
  2776317163
  21286179911
  30998438069
  32158657139
  27596612590
  38826589879
  2768116793
  32600662239
  2905565367
  43778191512
  44245978133
  40920264549
  38723929385
  20124620885
  42625244105
  42926687655
  44415228303
  18245213679
  29934224248
  3261407275
  24846994578
