  22791467927
  26443617044
  39788237753
  3689286755
  34308445685
  18173703301
  32608060492
  36512129361
  8950742416
  23221559771
  29497576010
  27711738436
  1789514779
  18719345107
  23261281104
  25516243899
  33572541516
  1945163959
  20860344729
  10617271120
  10560695673
  17412394227
  3089411720
  24338803798
  28407048138
  29442357631
  28038093823
  2428213889
  28405775933
  24691995556
  24107018056
  2574178526
  21776171042
  12583616119
  20233493643
  24178024841
  28131157183
  26287199247
  25224527943
  17476062431
  28797428711
  3312153697
  11746719146
  27291960816
  19065686887
  21553939651
  3743115024
  27578432958
  30414984298
  3365411015
