  46815397864
  50784589623
  67285694307
  63346981591
  71841425342
  46847172793
  4908841881
  23546658956
  45308688042
  55855402687
  5273779219
  53501257866
  34992900798
  62634305780
  64068372563
  66884169219
  1835516115
  38491808868
  56389525566
  19279860090
  33711604500
  55021035733
  27459470730
  33267378829
  54604176735
  67425871890
  68986716417
  58762091624
  62824662239
  63386690429
  73267834825
  2683376710
  1944873708
  2765702808
  66709745423
  68843705188
  61511512931
  31465404142
  49775921029
  64697184317
  61637973578
  66256209423
  67412278704
  70053737767
  3748891681
  3695255718
  22106606515
  29413780964
  69307002946
  5004416408
