  51587726426
  50205232664
  51480017543
  48725733908
  52310930516
  53946833649
  49757470513
  51135643985
  51503675631
  48608018144
  51872765947
  49989872482
  50889905250
  52040883691
  2257734983
  48716183673
  52430604475
  51679910886
  50976496454
  50825626654
  46469150660
  49947865269
  2455179122
  52281050893
  52269491596
  44280134684
  51253469003
  49645462989
  53037237401
  51094443990
  53355275138
  51059811866
  50861644385
  53042050668
  55186585449
  53350538941
  52141828723
  2923191634
  2542425570
  53221667941
  48056510087
  3294924033
  5637402841
  2774705180
  52487797203
  2373385513
  51325270190
  53267679907
  4395227746
  5000674495
